0.0221090167760849
-0.10684619843959808
-0.017103375867009163
-0.11201997101306915
-0.10271142423152924
-0.10858801752328873
-0.16726064682006836
-0.07138252258300781
-0.08667673170566559
-0.14181356132030487
-0.07064089924097061
-0.18634167313575745
0.003526371205225587
0.0339927040040493
-0.004797503352165222
0.021304873749613762
-0.12848344445228577
-0.08602042496204376
-0.13402846455574036
-0.33869701623916626
-0.2261069267988205
-0.2737659513950348
-0.5052273869514465
-0.7333264350891113
-1.1045604944229126
-0.8308820128440857
0.12701188027858734
1.5536094903945923
1.853845477104187
0.9698196053504944
0.14127783477306366
-0.5349613428115845
-0.02714020200073719
-0.057513438165187836
-0.5330459475517273
-0.7434301972389221
-0.931877076625824
-0.6649056077003479
-0.5110962986946106
-0.3257725238800049
-0.2293991595506668
-0.19778278470039368
-0.2561885416507721
-0.2678944766521454
-0.226105198264122
-0.0778409019112587
-0.0482756607234478
-0.1042885035276413
-0.2013687938451767
-0.2898097336292267
-0.3059626519680023
-0.2064000964164734
-0.18137593567371368
-0.08248875290155411
0.19371598958969116
0.08773709088563919
-0.015828194096684456
-0.0388987697660923
-0.21943716704845428
-0.3079547584056854
-0.34787794947624207
-0.2697587311267853
-0.031042907387018204
0.06947780400514603
-0.039549313485622406
-0.05011781305074692
-0.04271022975444794
-0.06167985498905182
-0.04822743684053421
-0.01545608788728714
0.04217982292175293
0.010461390018463135
-0.04753784090280533
-0.05013899505138397
0.03109220415353775
-0.046490080654621124
-0.0076954662799835205
0.02998162806034088
-0.028925754129886627
-0.006814993917942047
-0.005440279841423035
-0.014786459505558014
-0.03168950974941254
-0.05571489781141281
-0.05052231252193451
-0.03346635401248932
0.06036485731601715
-0.030188418924808502
-0.041970498859882355
0.015149638056755066
0.01722564548254013
0.0342443585395813
0.047507524490356445
0.034804634749889374
-0.061968810856342316
0.005543038249015808
0.03785956650972366
-0.005776591598987579
-0.03682994842529297
0.05958373844623566
-0.023376740515232086
-0.03558403253555298
-0.05634719133377075
0.002791769802570343
0.02769581973552704
0.013835176825523376
0.012359358370304108
-0.047399215400218964
-0.058367952704429626
0.001100584864616394
0.0569896325469017
0.03605758398771286
-0.03638964146375656
-0.008113034069538116
-0.046073973178863525
-0.03015146404504776
0.011318646371364594
0.03403365612030029
0.0517730787396431
-0.057381629943847656
0.04178845137357712
-0.04408075660467148
0.023404203355312347
0.05289033055305481
0.0008776485919952393
0.05686306208372116
-0.05325321853160858
-0.02387244999408722
0.07178998738527298
-0.10491237789392471
0.07242431491613388
-0.01338538434356451
-0.2088172882795334
-0.21197468042373657
-0.2202894687652588
-0.10787273943424225
0.10967903584241867
-0.08698563277721405
-0.12971386313438416
-0.13376200199127197
-0.08835676312446594
0.13682027161121368
0.009382669813930988
0.2082032561302185
-0.10147897899150848
-0.08048408478498459
-0.40375441312789917
-0.3405201733112335
-0.2590062618255615
-0.23123228549957275
-0.6588470339775085
-0.9784488677978516
-1.2116807699203491
-0.3307570517063141
1.2191998958587646
2.3456735610961914
1.9173665046691895
1.6244056224822998
-0.3711492121219635
-0.5235838890075684
0.5405529141426086
0.38723331689834595
0.019513167440891266
-0.4741239547729492
-1.0119012594223022
-0.7806640863418579
-0.7333784699440002
-0.5344365239143372
-0.308334082365036
-0.22303082048892975
-0.40735962986946106
-0.33608365058898926
-0.2614916265010834
-0.0878288522362709
-0.06246056780219078
-0.1491619199514389
-0.2789468765258789
-0.3150767982006073
-0.4169192612171173
-0.304365873336792
-0.16827528178691864
-0.11764901131391525
0.12479384243488312
0.19588737189769745
0.14290782809257507
-0.01123940758407116
-0.3429461121559143
-0.31950345635414124
-0.3645792603492737
-0.2916954457759857
-0.2852481007575989
0.11436942964792252
-0.05484587699174881
0.015812501311302185
0.01978587545454502
0.016768038272857666
-0.012610169127583504
0.06003342568874359
0.012313583865761757
-0.035625092685222626
-0.0005533345974981785
0.018717538565397263
0.026466192677617073
-0.04126746580004692
0.0261722169816494
-0.02817530557513237
-0.048379890620708466
-0.030714325606822968
0.0636318102478981
0.05723762512207031
0.05836927890777588
0.038804344832897186
0.050595998764038086
-0.0033068652264773846
-0.025744644924998283
0.04380674660205841
-0.01727077178657055
-0.02944343164563179
-0.015559203922748566
0.009636396542191505
0.026174556463956833
-0.0286455899477005
-0.03614218533039093
0.015454700216650963
-0.030050955712795258
-0.027202680706977844
0.04444679990410805
0.002067286055535078
0.06518793106079102
0.0675233006477356
0.024358350783586502
0.02580997906625271
0.019391704350709915
0.0057020592503249645
0.0017846403643488884
0.005113163497298956
0.026336338371038437
0.06128247454762459
-0.014563437551259995
-0.024027017876505852
-0.011639853939414024
-0.02560669183731079
0.017861399799585342
0.05327807366847992
0.054888736456632614
0.03140614554286003
-0.04570353776216507
-0.0344887338578701
-0.011414481326937675
-0.006691912189126015
0.009273216128349304
-0.05274241790175438
0.02541794627904892
-0.042523857206106186
-0.045741621404886246
-0.06857439875602722
0.04888485372066498
0.17896150052547455
0.318940669298172
0.19905859231948853
0.16024069488048553
0.14884795248508453
0.05512263998389244
0.0341157466173172
0.0376073382794857
-0.18348030745983124
-0.014548986218869686
0.010793639346957207
0.1475912481546402
0.3118162155151367
0.26167070865631104
-0.03939495608210564
-0.039221376180648804
0.047940365970134735
-0.03240877389907837
0.011165044270455837
-0.028130177408456802
0.035313110798597336
-0.13608795404434204
-0.27654382586479187
-0.9309610724449158
-1.5829182863235474
-1.903655767440796
-0.9429564476013184
-0.24480658769607544
0.7898439764976501
1.6332322359085083
0.8556882739067078
0.4254940450191498
-0.17297613620758057
-0.7156683802604675
-0.640931248664856
-0.4895932376384735
-0.22639860212802887
0.009305980987846851
0.07009364664554596
0.27782002091407776
0.16958865523338318
0.282497763633728
0.33182185888290405
0.27549442648887634
0.2745431661605835
0.08669622242450714
0.14203466475009918
0.3667651116847992
0.4618210792541504
0.36742931604385376
0.07960295677185059
-0.05024311691522598
-0.10052631795406342
-0.25559189915657043
-0.14326944947242737
0.0034032457042485476
0.12806299328804016
0.2755902111530304
0.19554461538791656
0.3183138370513916
0.47371506690979004
0.27052825689315796
0.014160153456032276
0.0385080948472023
-0.054456353187561035
0.007642172276973724
0.055211372673511505
0.010717906057834625
0.016996487975120544
-0.03639944642782211
-0.0008622854948043823
0.0034365281462669373
0.015339642763137817
0.02428412437438965
0.05430798977613449
-0.04770621657371521
0.0018734559416770935
-0.031227268278598785
-0.049441494047641754
-0.005004853010177612
-0.055014804005622864
0.04361870139837265
0.007238425314426422
-0.033684879541397095
0.03266119211912155
-0.059151746332645416
-0.024174951016902924
-0.012176170945167542
-0.053109392523765564
-0.03974302113056183
-0.010201163589954376
0.04742278903722763
0.060353390872478485
0.039766401052474976
-0.037320248782634735
-0.04088882356882095
0.05454332381486893
0.022107340395450592
0.0016604810953140259
0.008458256721496582
-0.050231046974658966
-0.020867839455604553
0.06016363203525543
-0.015414513647556305
-0.0031352564692497253
-0.05189569294452667
-0.03496294468641281
-0.0012762248516082764
-0.038822464644908905
-0.007750600576400757
0.0254349485039711
-0.06113608181476593
0.018563255667686462
-0.041325509548187256
-0.03050319105386734
0.023994356393814087
0.04969501495361328
-0.017081789672374725
-0.025660566985607147
-0.056514739990234375
-0.03222860395908356
-0.054727308452129364
-0.014304406940937042
0.01275346428155899
-0.05855473130941391
0.05456959456205368
0.039211928844451904
0.21836960315704346
0.41321998834609985
0.45842164754867554
0.34045737981796265
0.19569475948810577
0.096946120262146
0.008722119964659214
0.04312974959611893
-0.07319791615009308
-0.3368961215019226
-0.1915242075920105
0.014162078499794006
0.2484947144985199
0.45065197348594666
0.3320560157299042
-0.06828545778989792
-0.17800045013427734
-0.06593698263168335
-0.21347835659980774
-0.052083998918533325
-0.045589324086904526
0.03600002080202103
-0.06781639903783798
-0.5454585552215576
-1.1715269088745117
-2.170994520187378
-2.449502944946289
-1.3006805181503296
-0.15180140733718872
1.1657551527023315
2.329482078552246
1.552773356437683
0.8931763172149658
-0.10670670121908188
-0.5117970108985901
-0.47538748383522034
-0.576820969581604
-0.19521158933639526
0.013181964866816998
0.364035964012146
0.2994566261768341
0.18930795788764954
0.28843042254447937
0.4150562882423401
0.31089144945144653
0.20541851222515106
0.194801464676857
0.28622281551361084
0.5601873397827148
0.7731965184211731
0.6110957264900208
0.21424242854118347
-0.03290632739663124
-0.24340856075286865
-0.47289082407951355
-0.17311295866966248
-0.03925541043281555
0.11358235031366348
0.29249468445777893
0.1681625097990036
0.5791333913803101
0.6453132629394531
0.5281130075454712
0.2115706503391266
-0.0468854196369648
0.03339185193181038
0.009123636409640312
0.04388962313532829
0.04998680204153061
-0.046999119222164154
0.07251538336277008
0.0683518499135971
0.04117170721292496
-0.0389389842748642
-0.005730266682803631
-0.0005999915301799774
-0.0014627454802393913
0.05078944191336632
0.039753034710884094
0.06677272170782089
-0.00913182832300663
0.03684573620557785
0.038081374019384384
-0.03761110454797745
-0.04566977173089981
-0.015115421265363693
0.06271462142467499
-0.033266332000494
-0.0227043516933918
0.06886180490255356
0.06786714494228363
0.07972133904695511
-0.023615524172782898
-0.03388424962759018
0.048787496984004974
0.07873854041099548
0.06565321981906891
0.04115114361047745
0.05239726975560188
0.08667127043008804
-0.018326159566640854
-0.010500587522983551
0.06221238896250725
-0.025690719485282898
-0.017895299941301346
0.06123945862054825
0.035234615206718445
0.035547155886888504
-0.009912829846143723
0.0145478006452322
0.0736221969127655
-0.022657060995697975
0.017946938052773476
0.04670966789126396
-0.02551846019923687
0.07895147800445557
-0.013443264178931713
0.002147938124835491
0.0010858876630663872
-0.024108747020363808
-0.04336489737033844
0.05147315934300423
0.03412053361535072
-0.043858014047145844
-0.025326121598482132
0.07516802102327347
0.02882450260221958
0.01888149045407772
-0.059886634349823
-0.1139906570315361
-0.16459782421588898
-0.02851616032421589
0.11786375194787979
0.22590051591396332
0.22977836430072784
0.15473376214504242
0.17183712124824524
0.25399768352508545
0.2017023265361786
0.21442505717277527
-0.07332374900579453
-0.1932823210954666
-0.004016800783574581
0.07955019921064377
0.11515834182500839
0.13245363533496857
0.0564999133348465
0.15797489881515503
-0.06490781903266907
-0.20940223336219788
-0.25387975573539734
-0.5822712779045105
-0.7903367877006531
-1.1061663627624512
-0.7124397158622742
-0.5808628797531128
1.0937823057174683
2.033325672149658
1.021325707435608
0.6576010584831238
-0.6785179376602173
-1.0176355838775635
-0.4739099144935608
-0.07242032885551453
-0.06650687009096146
-0.04042574018239975
0.08237629383802414
0.02017161250114441
0.04364291578531265
0.10756503790616989
0.11427482217550278
-0.016654694452881813
0.06798432022333145
-0.004530679434537888
-0.10429063439369202
0.08599396795034409
-0.1564638912677765
-0.2277868390083313
-0.3726136386394501
-0.42421087622642517
-0.2979881763458252
-0.12153534591197968
-0.07743361592292786
0.027535855770111084
0.08507677912712097
-0.10230442881584167
-0.11819839477539062
-0.008332365192472935
-0.2051679939031601
-0.2353498339653015
-0.17544323205947876
-0.06346793472766876
-0.04190926253795624
-0.00520738959312439
0.013484738767147064
-0.034274667501449585
0.01802937686443329
-0.06102646142244339
-0.04471927881240845
-0.05663271248340607
-0.018904834985733032
-0.02276858687400818
0.008949585258960724
-0.011557154357433319
0.029380127787590027
0.05729971081018448
0.022424444556236267
-0.024622969329357147
-0.058524101972579956
0.02263762056827545
-0.03096611797809601
0.03180477023124695
0.04178030788898468
0.02410753071308136
0.05864442139863968
0.05936227738857269
0.013233743607997894
-0.045539796352386475
0.055840082466602325
-0.02965598553419113
-0.02952209860086441
0.052298665046691895
0.048425644636154175
0.018884457647800446
0.0039177387952804565
-0.05257286876440048
-0.006487756967544556
0.059945397078990936
0.01591617614030838
0.005351126194000244
-0.012978188693523407
-0.021798893809318542
0.03725142031908035
0.0038542822003364563
0.04066088795661926
-0.011062413454055786
0.027306824922561646
0.025798119604587555
0.00996650755405426
0.03927331417798996
0.03916537016630173
0.05793270468711853
0.04804849624633789
-0.0159810408949852
-0.052913762629032135
0.011426091194152832
-0.0005455166101455688
-0.016301587224006653
-0.010465919971466064
0.002939552068710327
0.04560186713933945
0.01948382705450058
-0.022193394601345062
-0.025701560080051422
-0.015476956963539124
-0.024156436324119568
-0.11541292816400528
-0.08165838569402695
-0.25484418869018555
-0.13984744250774384
0.4111647307872772
0.45244795083999634
0.4950513243675232
0.2223840355873108
0.14151157438755035
0.5848391652107239
0.4516574442386627
0.24249468743801117
0.0134960375726223
-0.27903443574905396
0.07349856197834015
0.1648925393819809
0.33234766125679016
0.20930372178554535
0.2503691017627716
0.21045079827308655
-0.1295526921749115
-0.33996185660362244
-0.562279462814331
-0.5981723070144653
-0.9344531893730164
-1.2804814577102661
-0.7351016402244568
-0.41414833068847656
1.6992868185043335
1.8781330585479736
2.0111899375915527
0.7835081815719604
-0.9561248421669006
-0.8803582191467285
-0.3570902645587921
0.11589756608009338
0.2919803857803345
0.16537804901599884
0.29486986994743347
0.01357567124068737
0.07116439938545227
0.13747510313987732
0.27261170744895935
-0.011976862326264381
0.05311945453286171
0.010493659414350986
-0.1310570240020752
0.16854512691497803
-0.2036769688129425
-0.4219167232513428
-0.5556117296218872
-0.7684332132339478
-0.33375388383865356
-0.14956054091453552
-0.05924799665808678
-0.003498860402032733
0.07947990298271179
-0.1710229218006134
-0.017684394493699074
0.154883474111557
-0.32667335867881775
-0.4611770510673523
-0.27538540959358215
-0.3611876964569092
-0.004815634340047836
0.07334481924772263
0.037446435540914536
0.0077100591734051704
0.02779722586274147
-0.001320986426435411
0.04300418868660927
0.04255511984229088
0.033605754375457764
-0.00674870191141963
0.07112233340740204
0.01101652067154646
-0.005275691859424114
0.05782279744744301
0.0705670639872551
0.07953348010778427
0.03615706413984299
-0.0032155581284314394
0.049888066947460175
0.07157503813505173
-0.03960626199841499
0.014104270376265049
-0.016414573416113853
0.03957913815975189
0.0582357682287693
0.022649260237812996
0.02341371960937977
0.05680439621210098
0.012252263724803925
-0.0370108038187027
0.0725131407380104
-0.00036099395947530866
0.025331689044833183
0.04200635105371475
0.028693487867712975
-0.029332390055060387
0.05168816074728966
-0.008960063569247723
-0.011799472384154797
0.033745646476745605
-0.013347051106393337
-0.01019298005849123
-0.0018002457218244672
-0.005078102927654982
-0.009336845949292183
0.001572202192619443
0.03520149737596512
-0.032024309039115906
-0.014370011165738106
0.023550568148493767
0.02865561842918396
0.05769135057926178
-0.024659667164087296
0.037721920758485794
0.054138101637363434
0.05344173684716225
-0.04059138894081116
-0.003262899350374937
-0.033371973782777786
-0.01769500970840454
0.055581409484148026
0.011044473387300968
0.03458157554268837
-0.04036853089928627
-0.5273898243904114
-0.3673371970653534
-0.13172249495983124
0.09322985261678696
0.10820407420396805
0.09674171358346939
0.029547635465860367
-0.01483124028891325
-0.03633628040552139
-0.043762076646089554
0.0981854572892189
0.2161039561033249
0.3188854157924652
0.2873910069465637
0.026195203885436058
-0.23631487786769867
-0.29228532314300537
-0.16480863094329834
0.129433274269104
-0.055179521441459656
-0.19266277551651
-0.46690359711647034
-0.6364952325820923
-0.1552249640226364
1.3094007968902588
0.44181957840919495
1.0696167945861816
0.357206791639328
-2.260307550430298
-1.9177746772766113
-1.4002493619918823
-0.07220829278230667
0.4449492394924164
-0.5309580564498901
1.0747958421707153
0.9195816516876221
0.5068103075027466
0.48304763436317444
0.1457490622997284
-0.17683540284633636
-0.2709465026855469
0.12415339052677155
0.3947238326072693
0.5754213929176331
0.612349271774292
0.47669488191604614
0.2519683539867401
0.3212341070175171
0.5925483703613281
1.517987608909607
1.7585269212722778
1.5390682220458984
0.6967940330505371
0.16735854744911194
-0.5225507616996765
-0.2746428847312927
-0.17899318039417267
-0.059779632836580276
0.049167316406965256
-0.2277497500181198
-0.34865236282348633
-0.39419251680374146
-0.24890018999576569
-0.28514984250068665
-0.05365700274705887
0.022411629557609558
0.05284232646226883
0.003786034882068634
-0.03765367716550827
0.051242269575595856
0.02668849378824234
0.04138757288455963
-0.04226784408092499
0.03637159615755081
-0.04269210249185562
0.0618433952331543
-0.026481233537197113
0.03766044229269028
0.012515097856521606
0.016563154757022858
-0.009584687650203705
0.025670960545539856
-0.026048243045806885
-0.05891120433807373
-0.024012692272663116
0.048971161246299744
-0.01645435392856598
0.019644901156425476
-0.023107901215553284
0.04688432812690735
0.03740563988685608
0.022063352167606354
-0.031947605311870575
-0.05107061564922333
0.002353087067604065
-0.036666110157966614
0.051387108862400055
-0.06006098538637161
0.027929268777370453
0.06230712682008743
0.031301774084568024
0.021311171352863312
-0.0601341649889946
0.06011832505464554
-0.010690473020076752
-0.05840052664279938
0.06169767677783966
-0.025433167815208435
-0.004421725869178772
0.057204969227313995
-0.043325044214725494
-0.04421812295913696
0.010163582861423492
-0.008365869522094727
0.014396362006664276
-0.05241908133029938
0.0018691644072532654
-0.027797482907772064
-0.030725553631782532
-0.05722730606794357
0.03313864767551422
0.012039780616760254
-0.052840203046798706
0.04959699511528015
0.018851302564144135
0.011597700417041779
-0.03669602423906326
0.00942528247833252
-0.7139763832092285
-0.15868765115737915
-0.08596469461917877
0.32923781871795654
0.3144155442714691
0.288158118724823
0.25784334540367126
0.1818455159664154
0.05715254694223404
0.17270240187644958
0.3616536557674408
0.40843743085861206
0.4855629503726959
0.36130642890930176
0.2133396565914154
-0.12212186306715012
-0.18595416843891144
0.011820623651146889
0.23294728994369507
0.01800863817334175
-0.09869007766246796
-0.4147320091724396
-0.44142088294029236
-0.1798052340745926
0.21805688738822937
0.9756419658660889
-0.10623513907194138
-0.4451465606689453
-1.0815696716308594
-1.1451410055160522
-0.9113391041755676
0.13271383941173553
0.3534882366657257
0.7736311554908752
0.45311176776885986
0.07356583327054977
1.3651723861694336
0.2486497163772583
0.18082493543624878
-0.05762455239892006
-0.168380469083786
0.35937654972076416
0.3251205086708069
0.6248053312301636
0.7171510457992554
0.45940282940864563
0.28162845969200134
0.42115840315818787
0.8568857908248901
1.266349196434021
1.5527582168579102
1.531945824623108
0.7566567063331604
0.021596649661660194
-0.36508023738861084
-0.1801123470067978
0.13265015184879303
0.23911131918430328
0.16629067063331604
0.01272843312472105
-0.11063983291387558
-0.25448280572891235
-0.31203556060791016
-0.712509036064148
-0.0392225906252861
0.025995738804340363
0.029957300052046776
-0.033205222338438034
0.03606478124856949
-0.04704704135656357
0.0634513720870018
0.06667963415384293
0.02511025406420231
-0.03290138021111488
0.03668878600001335
0.01322842761874199
0.020061058923602104
0.02822226844727993
0.05669986456632614
-0.014907550066709518
-0.00648457370698452
0.024316906929016113
0.014261892065405846
0.057602740824222565
-0.02289590984582901
0.007171308621764183
0.016499219462275505
-0.01785561628639698
0.04055706411600113
0.014706620946526527
-0.04723041504621506
0.021121133118867874
0.00021197274327278137
0.02767803892493248
0.009887711144983768
-0.05548480153083801
-0.0015947651118040085
0.0031456388533115387
-0.017852958291769028
0.05717388167977333
-0.014076480641961098
0.04195870831608772
0.018026050180196762
-0.04243198782205582
0.024994175881147385
0.055552490055561066
-0.03748137131333351
-0.03689128905534744
0.06640385091304779
0.055365853011608124
-0.03591916710138321
0.039188992232084274
-0.005073763430118561
-0.06026697903871536
0.0047548990696668625
0.02100619673728943
-0.01758137159049511
0.031700361520051956
-0.042491041123867035
0.049973487854003906
0.06335699558258057
0.04291310906410217
0.02456066757440567
0.031537652015686035
-0.03530299663543701
-0.00325634703040123
0.006163518875837326
-0.019769150763750076
0.19939057528972626
0.17343831062316895
-0.04083579406142235
-0.3099009394645691
-0.25677409768104553
-0.23667287826538086
-0.15115544199943542
-0.09081997722387314
-0.10245975106954575
-0.253661572933197
-0.31252509355545044
-0.3806929886341095
-0.5193535089492798
-0.3741402328014374
-0.2003641128540039
0.045379385352134705
-0.0278439000248909
-0.014323354698717594
-0.08571939170360565
0.05710788443684578
0.2681037187576294
0.518761157989502
1.2843328714370728
1.3525463342666626
1.2234323024749756
1.797147274017334
0.06580977141857147
-1.1713578701019287
-0.8153570890426636
-1.5977487564086914
-1.0444732904434204
-0.9772689342498779
-0.698415219783783
0.8755431175231934
0.5679915547370911
0.869197428226471
1.6294522285461426
1.357735514640808
0.7108168005943298
0.6287866830825806
0.16316886246204376
-0.19458119571208954
-0.18833792209625244
-0.23119114339351654
-0.42750751972198486
-0.17500261962413788
-0.19686023890972137
-0.17879311740398407
-0.0980396494269371
-0.5943939685821533
-0.790851354598999
-0.5412477850914001
-0.3142068088054657
-0.0878451019525528
0.2779954671859741
-0.06885834783315659
-0.22011040151119232
-0.23021258413791656
-0.20242422819137573
-0.12957270443439484
0.015954991802573204
0.001345065189525485
0.07299549132585526
0.22481302917003632
-0.05480165034532547
-0.009733408689498901
-0.0013844743371009827
-0.025322742760181427
0.022744879126548767
0.004028357565402985
0.04387903958559036
-0.005550719797611237
-0.0394461527466774
0.04415948688983917
0.00872804969549179
-0.017899885773658752
-0.041193924844264984
0.01464930921792984
-0.05960953235626221
0.01646111160516739
0.030902795493602753
-0.05482503026723862
-0.04091702401638031
-0.04493286460638046
0.052531659603118896
0.053132541477680206
0.0039125531911849976
0.058675363659858704
-0.020893998444080353
-0.06067638844251633
0.021830931305885315
0.02214178442955017
0.06127389520406723
-1.8090009689331055e-05
0.0478997603058815
0.03831023722887039
0.04523555189371109
-0.06202075630426407
0.05146612226963043
-0.053278304636478424
0.05603194236755371
-0.0025900378823280334
-0.055388569831848145
0.017380796372890472
-0.012721672654151917
-0.0561370849609375
-0.022658638656139374
0.006444074213504791
0.04867791384458542
-0.01921435445547104
0.03712299466133118
0.007826782763004303
0.0021067410707473755
0.011959061026573181
-0.04101679474115372
-0.051949888467788696
-0.019638225436210632
-0.058240875601768494
-0.029146909713745117
0.0028753653168678284
-0.04116307944059372
-0.025924749672412872
-0.011230401694774628
-0.0072002112865448
-0.034500911831855774
0.0030031874775886536
-0.008772529661655426
0.01787472516298294
0.3600875735282898
0.04369271174073219
-0.04802007973194122
-0.3355565667152405
-0.4689562916755676
-0.3351112902164459
-0.3389367163181305
-0.26252493262290955
-0.2669569253921509
-0.3008703589439392
-0.5725969672203064
-0.5540568232536316
-0.5414236187934875
-0.45669716596603394
-0.36135074496269226
-0.08814920485019684
-0.045545727014541626
-0.16873882710933685
-0.13014692068099976
0.07944344729185104
0.27064332365989685
0.6378567218780518
1.1638398170471191
1.6148316860198975
2.128246545791626
1.3481063842773438
0.9078986644744873
-0.3224831223487854
-0.8811200261116028
-1.4086368083953857
-0.8217529058456421
-0.7442917823791504
-0.010352930054068565
0.6106755137443542
1.3677092790603638
2.1106138229370117
1.2277544736862183
1.4229810237884521
0.8307385444641113
0.44096776843070984
0.25604456663131714
-0.24050098657608032
-0.26224568486213684
-0.4885483980178833
-0.5463860630989075
-0.259084016084671
-0.11972007155418396
-0.2863071858882904
-0.5227451324462891
-0.6434711217880249
-0.8206590414047241
-0.9291570782661438
-0.5796690583229065
-0.17453457415103912
0.13944919407367706
-0.03982824459671974
-0.29509690403938293
-0.28415000438690186
-0.34393399953842163
-0.12020576000213623
-0.15409812331199646
-0.05974409356713295
-0.03888566046953201
0.24288000166416168
0.0017935445066541433
0.04710358381271362
0.016907673329114914
-0.004557386506348848
0.01293325424194336
0.051789477467536926
-0.028422761708498
-0.024078406393527985
0.001759643666446209
-0.007064313627779484
0.038891807198524475
0.06043562665581703
0.013348866254091263
0.0739901140332222
-0.010345294140279293
-0.016870418563485146
-0.007822489365935326
-0.023553725332021713
-0.026778357103466988
-0.040272485464811325
-0.04061900079250336
0.029129888862371445
0.043813079595565796
0.06392405182123184
0.059592097997665405
0.0071130963042378426
0.029429670423269272
-0.011913887225091457
0.05460743233561516
-0.03153231367468834
0.056754086166620255
0.03599778190255165
0.04141830652952194
0.03508356586098671
-0.01937088929116726
0.06060435622930527
0.03304049000144005
0.04635104909539223
0.021186964586377144
0.054629240185022354
0.05879237875342369
0.04529072716832161
0.06586480140686035
0.0038164514116942883
0.05637599527835846
0.030667884275317192
0.05417444184422493
0.07598051428794861
0.027885938063263893
-0.010002310387790203
0.008035018108785152
0.034019939601421356
0.028003135696053505
0.0003040567971765995
0.06475841999053955
0.05353153869509697
-0.020182305946946144
0.012670651078224182
0.010278627276420593
-0.01990826614201069
0.02645030990242958
-0.0030422378331422806
-0.02256046235561371
-0.016827858984470367
0.06283347308635712
0.17464981973171234
0.12940561771392822
0.13312655687332153
0.027992168441414833
-0.03414493426680565
0.01413736492395401
0.011130821891129017
0.029462629929184914
0.030943261459469795
0.03671051561832428
-0.025658495724201202
0.020297246053814888
0.07137322425842285
0.1320236325263977
0.19635584950447083
0.14668008685112
0.1998734325170517
0.07879957556724548
0.07156851142644882
0.2432849109172821
0.2559986710548401
0.1302146166563034
-0.2604692280292511
-0.7709917426109314
-1.3841900825500488
-1.6390299797058105
-1.0923717021942139
-0.13691222667694092
1.0077115297317505
1.8778748512268066
2.2830326557159424
1.83450186252594
1.31779944896698
1.3154513835906982
0.7817140221595764
0.28372493386268616
0.13329829275608063
0.13122022151947021
0.12194361537694931
0.039131708443164825
0.1336425095796585
0.03786362335085869
0.12004906684160233
0.1340981423854828
0.13684506714344025
0.12311753630638123
0.12170092016458511
0.05760306864976883
0.0489913709461689
-0.027342986315488815
0.05660957843065262
0.08597388118505478
0.01424275990575552
0.06274536997079849
-0.0352972112596035
-0.06274260580539703
0.0721118226647377
0.08497779816389084
0.21705733239650726
0.09615983068943024
0.040259022265672684
-0.034354567527770996
-0.01941569708287716
0.003727637231349945
0.044431909918785095
-0.02261834591627121
0.01798921823501587
0.009681619703769684
0.036774054169654846
0.003715723752975464
0.023402787744998932
-0.03775567561388016
-0.04343193769454956
0.05569235235452652
-0.04554168879985809
-0.010639980435371399
-0.0075550079345703125
0.0611175075173378
-0.013507097959518433
-0.04758152365684509
-0.01584368199110031
0.03223881870508194
0.02476813644170761
0.05170575529336929
-0.01279480755329132
0.029440343379974365
-0.05881500244140625
0.024183735251426697
0.02871648222208023
0.04031793773174286
-0.03584013879299164
-0.016686148941516876
0.01512061059474945
-0.04441341757774353
-0.04971756041049957
-0.06012767553329468
0.0034889280796051025
0.03881174325942993
0.01605374366044998
0.003810308873653412
0.02177661657333374
-0.03927525877952576
0.006589122116565704
-0.01552647352218628
-0.030946478247642517
0.053898319602012634
-0.04835329204797745
0.009159266948699951
-0.05491953343153
-0.0021204203367233276
-0.027772627770900726
0.020571716129779816
-0.035096123814582825
0.04000247269868851
-0.05071668326854706
0.03753972798585892
-0.046948716044425964
0.033474087715148926
-0.026316650211811066
-0.00014559924602508545
-0.011406466364860535
0.04056438058614731
0.020482972264289856
-0.0550752729177475
0.005746282637119293
-0.04311639815568924
0.046722590923309326
0.05796313285827637
0.05623852461576462
0.04921781271696091
0.10640174895524979
0.033797986805438995
0.10129611194133759
0.09904482215642929
0.10767364501953125
0.09646637737751007
0.008758549578487873
0.11817018687725067
0.05123439431190491
0.045554134994745255
0.060184430330991745
0.12509335577487946
0.14921484887599945
0.10032787173986435
0.13917872309684753
0.03328840807080269
0.11074963957071304
0.06800910830497742
0.13968782126903534
0.04422135651111603
0.005067754536867142
-0.0024661077186465263
-0.10729598253965378
-0.2616073489189148
-0.14245988428592682
0.09838972240686417
0.43901315331459045
0.5174854397773743
0.5267273783683777
0.4898918569087982
0.465142160654068
0.339367538690567
0.24196505546569824
0.21155664324760437
0.13818223774433136
0.16228386759757996
0.08345441520214081
0.07831171154975891
0.1515807956457138
0.1222309023141861
0.1669662445783615
0.07252077013254166
0.10870647430419922
0.14221806824207306
0.0396176278591156
0.09971071034669876
0.07533498108386993
0.11639945954084396
0.059123873710632324
0.07506299018859863
0.10469760000705719
-0.0010647233575582504
-0.0062089888378977776
0.03381764143705368
0.12725700438022614
0.1247577890753746
0.07634992897510529
0.11343418806791306
0.027249885722994804
0.03301805630326271
0.08056984096765518
-0.0014680344611406326
-0.062392618507146835
-0.03813488408923149
-0.0308866985142231
-0.02474978193640709
-0.06119611859321594
-0.07974788546562195
-0.0027095843106508255
-0.03865834325551987
-0.015563322231173515
-0.06892894953489304
-0.014603210613131523
-0.00013563036918640137
-0.0075484937988221645
-0.028884107246994972
0.013146277517080307
-0.051504652947187424
-0.034405358135700226
0.015393048524856567
0.018200434744358063
-0.07215261459350586
0.010236715897917747
-0.01980523020029068
-0.04327313229441643
0.026671554893255234
-0.0545039065182209
0.018245244398713112
0.010713930241763592
-0.1047576367855072
-0.11755582690238953
-0.14328809082508087
-0.11526364088058472
-0.12662369012832642
-0.09269064664840698
-0.06045132875442505
-0.02127751149237156
-0.016339480876922607
-0.019581126049160957
-0.024748438969254494
-0.08897798508405685
-0.09832531958818436
-0.04343857988715172
0.01141339261084795
-0.04135534167289734
-0.05226774886250496
-0.08721883594989777
-0.0799872949719429
-0.09181708097457886
0.0011492171324789524
-0.055929090827703476
-0.1017802283167839
-0.04137343168258667
-0.04240360110998154
-0.05380488932132721
-0.023295272141695023
-0.015581408515572548
-0.10350660979747772
-0.0993506908416748
-0.05232186242938042
-0.10893461108207703
-0.10547485947608948
0.012772370129823685
-0.0290322657674551
-0.036292076110839844
0.12353909760713577
0.3619335889816284
0.46017470955848694
0.739070475101471
0.7566754221916199
0.2535874843597412
0.0399387888610363
0.09471214562654495
-0.0022554625757038593
0.4650639593601227
0.19530150294303894
0.18648836016654968
0.41433069109916687
0.44041186571121216
0.7211639285087585
0.7904159426689148
0.8209311962127686
0.7671415209770203
0.6373103857040405
0.5991758108139038
0.5042815208435059
0.6743325591087341
0.6521649360656738
0.5422295331954956
0.4164784252643585
0.5230751633644104
1.600176453590393
1.0113779306411743
1.9716911315917969
2.579338788986206
1.4302188158035278
0.015155332162976265
-0.013010992668569088
-0.4846194088459015
-1.7293145656585693
-2.188671350479126
-2.0329227447509766
-1.0320088863372803
-0.18211886286735535
0.0013910471461713314
0.6768348217010498
0.6689085364341736
0.7684390544891357
0.3859022557735443
-0.05804171413183212
-0.09289760887622833
-0.3997359573841095
-0.17190377414226532
-0.4106869399547577
-0.6352910995483398
-0.5989966988563538
-0.28832775354385376
0.39203914999961853
0.3047131896018982
0.12862862646579742
-0.5047091841697693
-0.9725226759910583
-0.9849951863288879
-0.7549199461936951
-0.775567889213562
-0.16849903762340546
0.15942348539829254
0.34956860542297363
0.43760207295417786
0.02189437299966812
-0.0457666739821434
0.03026755154132843
0.05702576786279678
-0.06163022667169571
0.045338816940784454
0.009585805237293243
0.005813807249069214
0.05623707175254822
0.05659938603639603
0.026334449648857117
0.04938343167304993
0.026001527905464172
0.010183848440647125
-0.054938189685344696
0.01167391985654831
-0.04446539282798767
0.019241638481616974
0.011027120053768158
0.001404106616973877
-0.04273291677236557
-0.0378873273730278
0.0461961030960083
0.03043869137763977
0.03295248746871948
-0.018623553216457367
-0.01076226681470871
-0.016017355024814606
0.04298083484172821
-0.026980489492416382
0.039366550743579865
0.04309336096048355
-0.057159751653671265
0.00038166344165802
-0.011903345584869385
-0.03455139696598053
0.026982344686985016
-0.007593438029289246
0.054719261825084686
-0.03911899775266647
0.02903946489095688
-0.05336204171180725
-0.031326353549957275
0.0042633116245269775
0.049380823969841
0.032919950783252716
-0.051317840814590454
0.0069228410720825195
-0.03684311360120773
0.0027081072330474854
-0.05206707864999771
-0.018335841596126556
0.04286665469408035
-0.05734600871801376
-0.05958891659975052
0.011384017765522003
0.008567772805690765
-0.011430345475673676
0.054575756192207336
-0.037630558013916016
-0.037942513823509216
-0.04671725630760193
-0.011632658541202545
-0.015950307250022888
-0.14792847633361816
-0.13408678770065308
-0.027209948748350143
-0.03889162465929985
0.06658755242824554
-0.038738593459129333
-0.20405066013336182
-0.16445164382457733
-0.2221793830394745
-0.005914178676903248
-0.17479193210601807
-0.14098231494426727
-0.00726035051047802
-0.1125270426273346
0.06021195277571678
0.07828566431999207
0.1550745815038681
-0.020698484033346176
0.013821948319673538
0.00483225891366601
-0.02614595741033554
0.09175430238246918
0.026676276698708534
-0.05597390606999397
0.21171298623085022
-0.1350458413362503
0.271505206823349
0.9747002124786377
0.3694791793823242
1.1852840185165405
0.33591917157173157
0.11081262677907944
0.14081402122974396
-0.012836486101150513
-0.274935781955719
-0.40717655420303345
-0.745098888874054
-0.29177242517471313
-0.2150155007839203
-0.13141785562038422
-0.00747823528945446
-0.03345585986971855
-0.03647886589169502
-0.0381377674639225
-0.1979464292526245
-0.16885925829410553
-0.21184363961219788
-0.18865495920181274
-0.2831372022628784
-0.3308340311050415
-0.39474767446517944
-0.18247972428798676
-0.16085590422153473
-0.10508664697408676
-0.11077047884464264
-0.23726561665534973
-0.3778930902481079
-0.3710882067680359
-0.33077162504196167
-0.28553250432014465
-0.20151886343955994
-0.15426912903785706
-0.16619302332401276
-0.14071032404899597
-0.035682301968336105
-0.04043138772249222
-0.0462103895843029
-0.015643903985619545
0.0004106396809220314
-0.05701553821563721
-0.09150984138250351
-0.05768493935465813
-0.0578744113445282
0.0019091255962848663
-0.07119487226009369
-0.03578614816069603
-0.051798660308122635
-0.0752817690372467
-0.01186089776456356
-0.06591538339853287
-0.03574144095182419
-0.08427880704402924
-0.045027025043964386
-0.028738688677549362
-0.042362019419670105
-0.06649347394704819
-0.025714244693517685
-0.06813528388738632
-0.09887808561325073
-0.13919498026371002
-0.09510916471481323
-0.14290080964565277
-0.021001581102609634
-0.06897309422492981
-0.07449394464492798
-0.020408129319548607
-0.040392614901065826
-0.06915777921676636
0.004527542274445295
-0.06516364216804504
-0.007965702563524246
-0.021447595208883286
-0.08766377717256546
-0.06408954411745071
-0.024942316114902496
-0.03033394366502762
0.006237110588699579
0.01089564710855484
-0.06177689880132675
-0.060915689915418625
-0.03518784046173096
-0.07656573504209518
-0.04954195395112038
-0.07975787669420242
-0.008336000144481659
0.017597652971744537
-0.028557002544403076
-0.07719546556472778
-0.08218193054199219
-0.05259375274181366
-0.012869995087385178
-0.028969915583729744
-0.024884987622499466
0.02708466351032257
-0.006599972490221262
-0.024163318797945976
-0.03238939866423607
0.04192424565553665
-0.0033094966784119606
-0.15359924733638763
-0.14478549361228943
-0.12195054441690445
-0.10546228289604187
-0.10491782426834106
-0.08990239351987839
-0.07299980521202087
0.029837386682629585
0.021570926532149315
0.03497371822595596
-0.01727249287068844
-0.0006016493425704539
-0.09668200463056564
-0.08361349254846573
-0.1386854499578476
0.028983313590288162
0.07694660872220993
0.20025457441806793
0.27487805485725403
0.17343877255916595
0.3511952757835388
0.45381924510002136
0.5989261269569397
0.7579293847084045
1.307796835899353
1.206673502922058
0.7309826016426086
-0.18984152376651764
-0.6887023448944092
-1.1262527704238892
-0.6786032319068909
-0.6670103669166565
-0.678135335445404
-1.1394572257995605
-1.068465232849121
-0.7050037384033203
-0.5163620710372925
-0.2758735716342926
-0.23110605776309967
-0.12510930001735687
-0.09573426842689514
-0.20475614070892334
-0.17485520243644714
-0.12227943539619446
-0.16174474358558655
-0.07387550175189972
-0.1724611222743988
-0.11895371228456497
-0.17846712470054626
-0.2282741367816925
-0.34927991032600403
-0.2898337244987488
-0.1759060025215149
-0.16739599406719208
0.11596657335758209
0.10369403660297394
0.15055851638317108
0.21068324148654938
0.20990604162216187
0.12317144125699997
-0.06901715695858002
-0.17128068208694458
-0.09883053600788116
0.04351988434791565
0.0405023917555809
0.01767486333847046
0.021730534732341766
0.0201677605509758
0.006482921540737152
0.05317102372646332
0.05769628286361694
0.022249288856983185
-0.0031211599707603455
0.05603712797164917
-0.048645034432411194
0.04592399299144745
0.03311409801244736
0.040133506059646606
-0.004802227020263672
-0.04663112014532089
0.044583678245544434
-0.027328476309776306
0.016444534063339233
0.035409070551395416
-0.058407850563526154
0.004147745668888092
-0.022201649844646454
0.044359706342220306
-0.039793841540813446
0.037948109209537506
0.0389731228351593
0.03448218107223511
0.060000769793987274
0.009465694427490234
-0.056648820638656616
0.04461655765771866
0.005721673369407654
0.0012403130531311035
-0.059536829590797424
-0.01404726505279541
-0.03033548593521118
0.061213187873363495
0.04450180381536484
0.04662426561117172
0.04280228912830353
-0.03874211758375168
-0.026841849088668823
-0.024459391832351685
-0.025055140256881714
0.048652008175849915
0.021235428750514984
0.05008462816476822
-0.0029236823320388794
-0.0557141974568367
-0.018132701516151428
0.043924666941165924
0.038050346076488495
0.01934821903705597
-0.018332980573177338
-0.058335691690444946
-0.03358291834592819
0.03258627653121948
-0.025209859013557434
0.029896162450313568
0.01706507056951523
-0.024005457758903503
0.03806739300489426
0.10815777629613876
-0.14326559007167816
-0.22838757932186127
-0.2415924370288849
-0.22487783432006836
-0.2002430260181427
-0.12671716511249542
0.05657225847244263
0.009338710457086563
-0.009248083457350731
-0.027213310822844505
0.06636029481887817
-0.0006881979643367231
-0.14912237226963043
-0.212580144405365
-0.18748149275779724
0.06692935526371002
0.11000707000494003
0.517819881439209
0.4258898198604584
0.45876216888427734
0.5888199210166931
0.7488617300987244
1.0001319646835327
1.6244926452636719
2.005518913269043
1.737740159034729
1.2357321977615356
-0.3298130929470062
-0.8756709098815918
-1.5401692390441895
-0.8484004139900208
-0.851289689540863
-0.8899213075637817
-1.210411548614502
-1.2252159118652344
-1.0052599906921387
-0.7230151891708374
-0.4791862964630127
-0.2975142002105713
-0.2217869609594345
-0.17997750639915466
-0.2958255112171173
-0.32675600051879883
-0.3689865171909332
-0.3003266155719757
-0.15858879685401917
-0.19331391155719757
-0.2927485406398773
-0.3786299228668213
-0.4995580315589905
-0.567471444606781
-0.605920672416687
-0.594073474407196
-0.22937911748886108
0.006899252068251371
0.16715066134929657
0.2934969365596771
0.3084684908390045
0.15947513282299042
0.13034747540950775
-0.33426105976104736
-0.3940063416957855
-0.18012692034244537
0.042288489639759064
-0.0269642174243927
-0.0071150921285152435
-0.006018226966261864
0.057710420340299606
0.023676304146647453
-0.03405532240867615
-0.008489979431033134
-0.0033319732174277306
-0.03270168974995613
0.0329899787902832
0.049357905983924866
0.016566555947065353
0.0019667353481054306
0.026195954531431198
-0.02266748994588852
-0.012825869023799896
0.025747645646333694
0.0816861018538475
0.008790384978055954
0.057249702513217926
0.0024631954729557037
0.008395392447710037
-0.030451979488134384
0.08172626793384552
0.09634757786989212
0.03361710160970688
0.08297161012887955
0.0909038782119751
0.06823287904262543
0.06999694555997849
-0.019666220992803574
-0.01491516176611185
-0.0014439988881349564
0.06551751494407654
-0.01119743101298809
-0.012429934926331043
0.0008722823113203049
-0.027040064334869385
0.02846282161772251
0.03737826645374298
-0.008428364992141724
0.06985323131084442
0.0029879622161388397
0.009452663362026215
0.07533086091279984
0.07960644364356995
0.021705899387598038
-0.014346149750053883
-0.0019445084035396576
0.037873249500989914
0.066715307533741
0.05836329981684685
-0.00014439038932323456
-0.03189584240317345
-0.02801508456468582
0.007709345780313015
0.028788935393095016
0.0006015459075570107
-0.020818941295146942
0.033183615654706955
-0.021739546209573746
-0.03238445520401001
-0.05166102200746536
0.11726012080907822
-0.24460166692733765
-0.15153968334197998
-0.6361239552497864
-0.6572785973548889
-0.08904823660850525
0.18617163598537445
0.04262220114469528
0.06138638034462929
-0.372130811214447
-0.023208247497677803
0.016368882730603218
-0.20410597324371338
-0.43309640884399414
-0.507863461971283
-0.6899654865264893
-0.7081131339073181
-0.7493231892585754
-0.7725701928138733
-0.5663443803787231
-0.7215819954872131
-0.8189544081687927
-0.7235810160636902
-0.31863224506378174
0.12333106994628906
1.6094533205032349
1.4035429954528809
1.8602701425552368
0.4531756341457367
-1.7568610906600952
-1.683803915977478
-1.0950138568878174
-0.17318478226661682
1.2886731624603271
2.3025922775268555
2.732191324234009
2.149592876434326
0.7648133635520935
0.010594208724796772
-0.034146498888731
-0.5183706879615784
-0.6240941882133484
-0.8671561479568481
-0.6085428595542908
-0.18116816878318787
0.024052388966083527
0.33952322602272034
0.008031055331230164
0.1260005384683609
0.1902562975883484
0.10041532665491104
-0.2321421355009079
-0.7277006506919861
-0.6201707720756531
-0.10258815437555313
0.5711513757705688
1.4008508920669556
1.3107279539108276
0.9578437209129333
1.113726258277893
0.14168807864189148
-0.09184999763965607
-0.38064709305763245
-0.27188917994499207
-0.050156839191913605
-0.020168520510196686
-0.01671420782804489
0.0010323747992515564
-0.056665703654289246
0.011582843959331512
-0.0259932279586792
-0.01600257307291031
-0.03228076547384262
-0.01319587230682373
-0.058045320212841034
-0.03313549607992172
0.005757808685302734
0.040954746305942535
0.056796737015247345
-0.047278471291065216
0.02624507248401642
-0.03523098677396774
-0.04832231253385544
-0.0027522072196006775
-0.03585291653871536
-0.05382789671421051
-0.058408528566360474
-0.0418342724442482
0.051358483731746674
0.034856751561164856
-0.024740442633628845
-0.04183254390954971
-0.04807761311531067
-0.03690759092569351
-0.02571864426136017
0.037536829710006714
0.020453527569770813
-0.02408576011657715
0.043026961386203766
-0.0388270765542984
-0.05091799795627594
0.013640634715557098
-0.03446255624294281
0.01777990162372589
0.05295223742723465
-0.02955658733844757
-0.0436132475733757
0.02352500706911087
-0.05644669383764267
0.05576110631227493
-0.029516011476516724
0.030216239392757416
-0.04969823360443115
-0.04230426251888275
0.006884664297103882
0.02221280336380005
0.04846219718456268
0.05227099359035492
-0.0035944730043411255
-0.008035451173782349
0.01033136248588562
-0.014518186450004578
0.0021275505423545837
-0.05919051915407181
-0.05130671709775925
0.04282890260219574
-0.03652229160070419
0.049217842519283295
0.031035209074616432
-0.01735052280128002
0.01477699726819992
-0.11644486337900162
-0.1291601061820984
0.0095644760876894
0.09738553315401077
-0.008414419367909431
0.08428831398487091
-0.07632394880056381
0.04986189678311348
0.09917302429676056
-0.014531155116856098
-0.03402933478355408
-0.09441620111465454
-0.13253557682037354
-0.1743021011352539
-0.11183436959981918
-0.15343497693538666
-0.1693059355020523
-0.04353680834174156
-0.11182890832424164
-0.11718995124101639
-0.008909793570637703
0.19233059883117676
0.908031165599823
0.9454357624053955
0.3633885979652405
0.4967612326145172
-0.9535408020019531
-0.4398100972175598
-0.2822191119194031
-0.00869369599968195
0.4824748635292053
0.9811198115348816
0.859387218952179
0.817075788974762
0.32941895723342896
0.061097193509340286
-0.0073456489481031895
-0.028972582891583443
-0.07960446178913116
-0.09595269709825516
-0.0831184983253479
0.029315056279301643
0.06244874745607376
0.19444283843040466
0.07664377242326736
0.08844659477472305
0.09708315879106522
0.1798316240310669
0.045738331973552704
0.012652975507080555
-0.018869834020733833
0.013156038708984852
0.29415860772132874
0.36716899275779724
0.33266133069992065
0.31620290875434875
0.22071629762649536
0.1537710428237915
0.0542122907936573
-0.019226890057325363
-0.050058603286743164
0.043284785002470016
-0.047865044325590134
-0.047997936606407166
-0.04756125062704086
-0.0841125100851059
-0.07081891596317291
-0.08730435371398926
-0.0350617952644825
-0.02803645469248295
-0.04495444893836975
-0.06885120272636414
0.024250661954283714
-0.04342837631702423
0.006011840421706438
0.019322583451867104
-0.06642071902751923
-0.031041884794831276
0.012146475724875927
0.0364660881459713
-0.03278988599777222
0.019204579293727875
-0.07603384554386139
-0.06941917538642883
0.011421887204051018
-0.062391988933086395
-0.0010104146786034107
-0.06904768198728561
-0.09359803795814514
0.006621868349611759
0.02691362425684929
-0.022020338103175163
-0.07711182534694672
-0.06087542325258255
-0.08928979188203812
-0.01195443980395794
-0.05869962275028229
-0.02599661611020565
0.007521448656916618
-0.005977917462587357
-0.06440897285938263
0.027664057910442352
0.018543822690844536
-0.061214879155159
0.019975874572992325
-0.010373027995228767
-0.03861300274729729
-0.0718403160572052
-0.036556560546159744
-0.09308235347270966
0.0020666541531682014
0.01477336511015892
-0.04258688911795616
0.03613720089197159
-0.04734928905963898
-0.018544383347034454
-0.06949519366025925
-0.043233953416347504
-0.010867031291127205
-0.009725751355290413
-0.038939788937568665
-0.05730900168418884
0.018699530512094498
0.04541950672864914
0.0356055311858654
-0.024915121495723724
-0.009705317206680775
-0.0411897748708725
0.016588294878602028
-0.04360370710492134
-0.0507088229060173
-0.06552521884441376
-0.03806178271770477
-0.07329622656106949
-0.011043045669794083
-0.027231037616729736
-0.12647764384746552
-0.08921979367733002
-0.13892775774002075
-0.10626166313886642
-0.02664056234061718
-0.0385236032307148
-0.0852360874414444
-0.05631634220480919
-0.1588168889284134
-0.13952511548995972
-0.135004922747612
-0.16052621603012085
-0.2355068176984787
-0.39650988578796387
-0.8210803866386414
-1.1906265020370483
-1.4950519800186157
-1.5678452253341675
-1.402724027633667
-0.7674683928489685
-0.4961591958999634
-0.46182703971862793
-0.5259940028190613
-0.640663743019104
-0.5849631428718567
-0.4596799314022064
-0.2837538719177246
-0.13769064843654633
-0.06387580186128616
-0.08388469368219376
0.0014748744433745742
-0.029632726684212685
-0.040867362171411514
-0.07247243076562881
-0.0699993446469307
-0.007784956134855747
-0.08661410212516785
-0.06751392036676407
-0.19433574378490448
-0.06709612905979156
0.4080735445022583
0.6569902896881104
0.5665277242660522
0.6087579727172852
-0.03580549359321594
-0.04900993034243584
-0.15036851167678833
-0.16547837853431702
-0.08004734665155411
0.04984945431351662
0.381841778755188
0.2671493589878082
0.14745262265205383
0.03668517619371414
-0.04857732355594635
0.03198625147342682
-0.008368507027626038
0.032385170459747314
0.060483418405056
-0.026635341346263885
-0.02706899493932724
0.049659326672554016
0.006950028240680695
-0.006233297288417816
0.047416768968105316
-0.030196502804756165
-0.003086008131504059
0.04292973875999451
0.0244256854057312
-0.04042592644691467
0.016244783997535706
-0.04765229672193527
-0.0339420884847641
0.04018823802471161
-0.016657017171382904
-0.03183481842279434
0.004430145025253296
0.015273146331310272
-0.0388510525226593
-0.04214771091938019
-0.06052932143211365
0.016148969531059265
-0.04032684117555618
0.004763022065162659
-0.013978637754917145
-0.040866248309612274
-0.01994367688894272
-0.04804312437772751
-0.03308330476284027
-0.0019482001662254333
-0.053432196378707886
-0.05481458455324173
0.04681628197431564
0.005881130695343018
-0.02764086425304413
-0.002078041434288025
0.04634781926870346
-0.05214159935712814
-0.03313647210597992
-0.045196279883384705
-0.004543811082839966
-0.002150803804397583
-0.04870661348104477
0.0433802455663681
-0.047994986176490784
0.05835223197937012
-0.043023064732551575
-0.008565343916416168
0.01168668270111084
-0.02777983993291855
0.05747762322425842
-0.043089643120765686
-0.0034642741084098816
-0.04589131474494934
0.01734941452741623
0.05328669399023056
0.05797412991523743
0.26756298542022705
0.0903749093413353
0.1252264678478241
0.03353835269808769
0.08063650876283646
-0.024283194914460182
-0.07384368777275085
-0.10735971480607986
0.013833927921950817
0.012294077314436436
-0.03235619515180588
-0.04221510887145996
-0.1295551359653473
-0.07523271441459656
0.03425159677863121
0.018036318942904472
0.03971901908516884
-0.08932676166296005
-0.1851261407136917
-0.24921226501464844
-0.15522101521492004
-0.1373688131570816
-0.23483233153820038
-0.3818516135215759
-0.6872346997261047
-1.1063569784164429
-1.636095643043518
-2.1997756958007812
-2.1238794326782227
-1.853140115737915
-1.0901113748550415
-0.8369120359420776
-0.7673115134239197
-0.9101848006248474
-0.8683196306228638
-0.8460918068885803
-0.5253998637199402
-0.34699028730392456
-0.20234481990337372
-0.06006632000207901
-0.02706199325621128
0.0895732194185257
0.0715351328253746
-0.009001650847494602
0.02546073868870735
0.07071196287870407
-0.0185011625289917
-0.11661042273044586
-0.1484367698431015
-0.2354726791381836
0.18626773357391357
0.9138936996459961
1.1487911939620972
1.4285110235214233
0.9679822325706482
0.19840358197689056
-0.03781338781118393
-0.11402180790901184
-0.14810749888420105
-0.050424449145793915
0.3687470257282257
0.7632795572280884
0.8978796005249023
0.7166711091995239
0.06230778992176056
0.03405563533306122
0.05297773331403732
0.0037262514233589172
0.06258799880743027
0.07279344648122787
-0.029671229422092438
0.06850086897611618
-0.023209381848573685
-0.02576642669737339
-0.034526485949754715
0.03678170591592789
-0.027580341324210167
-0.00423523411154747
-0.012814391404390335
0.035111550241708755
-0.042492371052503586
-0.008292908780276775
0.020254572853446007
0.02555500902235508
-0.0075682662427425385
0.0450291633605957
-0.015604818239808083
-0.02385694533586502
0.026266854256391525
0.007979072630405426
0.0872686430811882
0.009888596832752228
0.04290119931101799
0.06333833932876587
-0.019071880728006363
0.08442272245883942
0.013162676244974136
0.02842932753264904
0.005054347217082977
0.013527559116482735
0.005432600155472755
-0.03195231407880783
0.044718727469444275
0.021016299724578857
0.07870888710021973
0.062426477670669556
0.07245804369449615
0.038073934614658356
0.05163194239139557
0.0777202621102333
0.070912204682827
-0.027773691341280937
0.007762599736452103
-0.04048476368188858
0.022477732971310616
-0.01814476028084755
0.0675729438662529
0.02019498310983181
0.01962011121213436
-0.0255509652197361
-0.02688642591238022
0.03207200765609741
-0.00976048968732357
-0.00903225690126419
0.058476559817790985
-0.022885998710989952
-0.032060407102108
0.024508213624358177
