2.4233155250549316
0.486572802066803
2.043260335922241
1.8088146448135376
1.6858731508255005
1.964900016784668
1.0606762170791626
1.4499739408493042
2.488739252090454
0.9133109450340271
2.0291759967803955
2.109233856201172
1.4472591876983643
2.0554065704345703
-0.15980908274650574
1.3006285429000854
2.955443859100342
1.4023512601852417
2.8285655975341797
1.2634984254837036
1.8503247499465942
2.5966341495513916
1.0625038146972656
2.3747477531433105
1.9513862133026123
1.6100924015045166
2.198561906814575
1.7672901153564453
3.074965715408325
1.4626832008361816
1.9375265836715698
1.2276926040649414
1.5344481468200684
1.991650104522705
2.7851927280426025
1.5852068662643433
2.4064462184906006
2.177025079727173
1.5543169975280762
1.861008882522583
2.5265486240386963
1.8836272954940796
1.5136189460754395
1.6025716066360474
2.7538325786590576
1.7223519086837769
2.0698490142822266
1.2150906324386597
2.1533493995666504
1.6996543407440186
1.2624512910842896
1.0440430641174316
1.8231033086776733
1.3601648807525635
1.600914716720581
1.0772531032562256
1.8748503923416138
0.8885707259178162
2.2403604984283447
0.7698591351509094
0.6756336092948914
1.2311511039733887
1.2265206575393677
0.6440224647521973
0.03830203413963318
-0.02604268491268158
0.10367397964000702
-0.07408773899078369
-0.07454974949359894
-0.07455424964427948
0.11243034899234772
0.04165638983249664
0.12028133869171143
-0.10315953195095062
-0.12398451566696167
-0.09779547154903412
-0.08408613502979279
0.05063001811504364
0.04475948214530945
0.10386554896831512
-0.0645531713962555
-0.08521397411823273
0.06632226705551147
-0.05052556097507477
0.0758654773235321
-0.02966257929801941
0.07150574028491974
-0.09712100028991699
-0.06308121979236603
0.03810955584049225
0.02642594277858734
-0.03186984360218048
0.0745086818933487
0.08497615158557892
-0.0906466692686081
-0.06673352420330048
0.11445774137973785
-0.04217906296253204
-0.04431454837322235
-0.12094932794570923
-0.07158377766609192
0.031225457787513733
-0.016499146819114685
-0.09073574841022491
0.0029320865869522095
-0.08538518846035004
-0.10604958236217499
-0.06883282959461212
-0.10940150916576385
-0.0795922577381134
0.12495110929012299
0.02360936999320984
0.0385199636220932
-0.11658553779125214
-0.08209672570228577
-0.041606977581977844
0.01954638957977295
-0.10999016463756561
-0.053859129548072815
-0.07483357191085815
0.00034640729427337646
-0.0465129017829895
-0.008661970496177673
-0.0847037136554718
-0.08579939603805542
-0.07292522490024567
-0.042787179350852966
-0.09866011142730713
1.7471503019332886
0.9923331141471863
2.4524831771850586
1.499436378479004
1.5943560600280762
1.7131690979003906
1.3330018520355225
1.0510755777359009
1.038131594657898
1.3424124717712402
1.6063659191131592
1.5787022113800049
2.1032164096832275
1.4734344482421875
1.8541665077209473
1.4456546306610107
1.4528363943099976
1.876358151435852
2.198681116104126
2.5805912017822266
1.9062926769256592
1.5242693424224854
1.9670484066009521
1.6598223447799683
2.3385837078094482
2.085785388946533
2.777848482131958
1.6043601036071777
2.286651134490967
2.4937875270843506
2.2345943450927734
1.8801491260528564
2.432619333267212
2.2915821075439453
2.194823741912842
1.7928322553634644
2.427464008331299
2.0606279373168945
1.6337531805038452
1.8721363544464111
2.3047068119049072
1.7873643636703491
2.101346492767334
1.226691722869873
1.9325807094573975
1.6920005083084106
1.2189395427703857
1.799635410308838
1.110039472579956
2.068115234375
2.700403928756714
1.327447533607483
2.043490171432495
1.3568122386932373
1.9569339752197266
1.637397050857544
1.5122830867767334
1.8113417625427246
1.3481684923171997
0.8989711999893188
1.5010877847671509
1.5837606191635132
1.13449227809906
1.1595885753631592
-0.036253198981285095
-0.006182529032230377
-0.12739409506320953
-0.13599547743797302
-0.10230566561222076
-0.11074985563755035
-0.09338678419589996
-0.08489026874303818
-0.2144852727651596
-0.15194028615951538
-0.01980176381766796
-0.06953734159469604
-0.1256977915763855
-0.19322165846824646
-0.18671180307865143
-0.2207612246274948
-0.1596008837223053
-0.06953383982181549
-0.036499761044979095
-0.06283380091190338
-0.22607813775539398
-0.1809992790222168
-0.13163596391677856
-0.0007499484345316887
-0.12148012965917587
-0.14333871006965637
-0.06225407496094704
-0.15974627435207367
-0.20807811617851257
-0.04330601170659065
-0.17824715375900269
-0.1340833604335785
-0.22970564663410187
-0.03628389164805412
-0.03728464990854263
-0.07184231281280518
-0.20692545175552368
-0.23289257287979126
-0.22785265743732452
-0.04216676577925682
-0.06418146193027496
-0.017339695245027542
-0.06231103837490082
-0.105668805539608
-0.13804371654987335
-0.2114049196243286
-0.23536191880702972
-0.23071618378162384
-0.07422220706939697
-0.1710217297077179
-0.14477860927581787
-0.19696635007858276
-0.14883953332901
-0.20804020762443542
-0.21521537005901337
-0.08687225729227066
-0.16771331429481506
-0.04857396334409714
-0.1629563570022583
-0.20721568167209625
-0.14295481145381927
-0.19458375871181488
-0.17092058062553406
-0.23433351516723633
